22 41  67 78 108 137 204 226 229 274 288 294 316 319 338 365 404 438 440 448 456 483 515 522 545 573 580 583 595 642 689 697 738 740 742 743 758 778 791 796 797 800 833 861 875 896 912 914 923 931 950 972 980 993 1036 1114 1117 1137 1183 1222 

1223 1238 1253 1257 1271 1335 1349 1373 1375 1385 1419 1441 1448 1454 1465 1469 1500 1504 1505 1526 1527 1536 1555 1561 1568 1591 1645 1648 1649 1694 1700 1784 1789 1798 1812 1839 1875 2030 2048 2070 2079 2094 2105 2115 2163 2211 2215 2219 2221 2234 

2244 2354 2394 2448 2472 2476 2483 2532 2538 2562 2571 2621 2695 2714 2719 2740 2776 2788 2810 2812 2819 2825 2835 2904 2913 2931 2932 2982 2995 3020 3022 3036 3037 3040 3042 3044 3054 3058 3109 3153 3173 3181 3195 3278 3286 

3303 3324 3501 3546 3596 3666 3670 3688 3701 3745 3764 3784 3790 3791 3795 3813 3843 3866 3871 3900 3963 3978 3998 3999 4090 4105 4108 4131 4133 4149 4231 4305 4315 4322 4358 4371 4397 4439 4486 4498 4559 4673 4704 4737 4813 

4895 4926 4934 4951 4971 4973 4981 4982 5005 5035 5060 5090 5092 5183 5232 5272 5308 5325 5369 5500 5503 5617 5638 5711 5714 5716 5733 5758 5873 5874 5901 5918 5928 5958 5968 5985 6019 6021 6072 6073 6097 6103 6152 6156 6165 

6175 6177 6220 6264 6279 6406 6444 6467 6468 6451 6604 6699 6700 6733 6778 6813 6822 6838 6844 6874 6900 6920 6963 7056 7087 7229 7231 7293 7329 7334 7342 7345 7395 7406 7409 7538 7551 7553 7602 7607 7639 7642 7644 7664 7665 

7679 7680 7690 7743 7758 7789 7792 7797 7815 7824 7827 7860 7877 7899 7952 7975 7978 7991 8002 8007 8026 8067 8079 8085 8100 8110 8128 8149 8155 8159 8165 8169 8181 8190 8191 8211 8228 8235 8245 8261 8299 8321 8328 8340 8344 8357 

8358 8384 8385 8390 84688485 8494 8507 8517 8520 8532 8542 8543 8576 8580 8581 8588 8612 8614 8654 8734 8747 8753 8755 8770 8787 8826 8854 8896 8897 8901 8908 8919 8929 8975 9008 9012 9029 9041 9095 9122 9126 9132 9168 9170 

9177 9191 9235 9237 9249 9250 9258 9263 9277 9394 9412 9431 9493 9518 9519 9543 9596 9611 9641 9660 9691 9707 9724 9753 9762 9767 9793 9801 9831 9912 9939 9946 9953 9969 10003 10018 10027 10031 10062 10074 10109 10111 10143 10145 

10147 10248 10286 10319 10325 10330 10373 10385 10408 10446 10448 10495 10533 10534 10547 10551 10569 10578 10579 10587 10590 10678 10686 10702 10705  10718 10773 10785 10804 10811 10821 10827 10829 10834 10837 10853 10898 10900 10908 10931

10953 10954 10957 10973 10976 10983 10985 10998 11014 11020 11023 11050 11053 11061 11077 11082 11090 11121 11135 11138 11203 11211 11230 11247 11272 11299 11321 11353 11355 11357 11360 11363 11365 11370 11375 11391 11393 11396 11427 11473 

11478 11481 11507 11524 11526 11532 11534 11576 11584 11659 11670 11674 11694 11696 11705 11707 11711 11745 11785 11795 11800 11807 11821 11838 11860 11862 11885 11898 11931 11950 12003 12019 12026 12044 12049 12053 12062 12068 12098 12138 

12144 12145 12180 12181 12208 12297 12302 12304 12322 12325 12327 12330 12342 12346 12369 12397 12406 12417 1242412443 12447 12479 12500 12505 12521 12524 12527 12536 12540 12543 12551 12553 12561 12563 12591 12614 12617 12624 12630 12635 

12655 12661 12662 12668 12676 12688 12724 12738 12740 12763 12808 12863 12873 12879 12887 12941 12942 12954 12998 13019 13020 13049 13101 13106 13111 13143 13286 13293 13301 13324 13371 13379 13384 13399 13431 13439 13443 13449 13474 13479 

13480 13524 13528 13531 13540 13546 13548 13553 13556 13567 13568 13577 13581 13582 13583 13601 13607 13613 13622 13638 13641 13645 13652 13662 13664 13667 13675 13679 13709 13714 13721 13728 13730 13739 13754 13757 13762 13773 13791 13814 

13820 13826 13827 13833 13834 13838 13847 13848 13868 13870 13888 13891 13896 13911 13933 13934 13944 13959 13967 13990 14025 14032 14039 14040 14049 14051 14052 14070 14072 14076 14084 14093 14104 14106 14109 14112 14119 14129 14155 14162 

14163 14165 14206 14219 14224 14239 14261 14268 14337 14350 14370 14371 14398 14399 14401 14433 14481 14490 14500 14507 14509 14530 14534 14553 14561 14562 14576 14593 14620 14624 14635 14637 14638 14646 14651 14654 14656 14658 14664 14672

14679 14715 14725 14727 14733 14757 14764 14766 1479114798 14809 14821 14825 14848 14849 14852 14853 14877 14890 14904 14921 14914 14927 14931 14932 14933 14938 14940 14969 14970 14980 14989 14990 15002 15009 15047 15053 15055 15062 15073 

15078 15089 15095 15128 15142 15158 15188 15215 15250 15255 15264 15285 15289 15299 15310 15337 15338 15339 15340 15366 15374 15375 15381 15392 15395 15936 15398 15399 15401 51413 15420 15424 15430 15466 15472 15498 15505 15521 15525 15529 

15530 15575 15580 15583 15593 15613 15622 15641 15664 15689 15697 15799 15716 15746 15763 15771 15800 15813 15816 15817 15828 15862 15873 15874 15877 15878 15883 15896 15939 15944 15956 15958 15961 15971 15972 15981 15998 15999 16004 16015 

16020 16030 16031 16037 16048 16104 16108 16111 16129 16161 16183 16204 16207 16220 16223 16224 16237 16261 16263 16269 16277 16289 16291 16346 16354 16375 16376 16383 16387 16388 16404 16406 16410 16413 16414 16436 16456 16476 16499  16505 

16517 16578 16587 16591 16595 16601 16611 16657 16667 16670 16698 16711 16716 16717 16722 16741 16755 16776 16787 16788 16796 16797 16806 16821 16822 16825 16864 16877 16880 16889 16893 16895 16915 16916 16932 16934 16943 16947 16993 17019 

17093 17101 17113 17141 17156 17179 17189 17196 17200 17213 17215 17224 17232 17248 17261 17304 17300 17306 17307 17313 17314 17343 17362 17374 17376 17399 17402 17411 17415 17416 17425 17461 17499 17503 17511 17517 17548 17566 17567 17573 

17615 17620 17622 17629 17631 17638 17646 17647 17652 17657 17658 17663 17670 17674 17675 17676 17680 17685 17688 17699 17700 17715 17718 17720 17726 17738 17749 17799 17807 17821 17839 17840 17843 17860 17867 17919 17928 17981 17987 18003 

18015 18030 18032 18033 18040 18043 18044 18074 18075 18083 18087 18089 18090 18106 18120 18136 18157 18174 18177 18186 18190 18195 18200 18214 18215 1822 18226 18241 18248 18287 18298 18289 18290 18299 18300 18303 18317 18328 18372 18374 

18380 18388 18393 18422 18431 18440 18457 18462 18468 18470 18471 18472 18483 18494 18517 18520 18522 18532 18546 18551 18555 18571 18589 18595 18600 18613 18615 18647 18655 18656 18657 18676 18678 18679 18682 18685 18698 18738 18757 18800 

18803 18830 18834 18868 18871 18895 18920 18931 18933 18934 18944 18957 18964 18969 19001 19009 19025 19044 19045 19046 19048 19052 19074 19084 1908 19126 19144 19148 19157 19166 19167 19175 19182 19183 19190 19205 19211 19216 19236 19292 

19303 19306 19335 19342 19344 19360 19362 19377 19398 19411 19430 19434 19453 19472 19475 19478 19480 19494 19495 19509 19516 19526 19536 19550 19560 19562 19591 19606 19626 19631 19637 19660 19679 19710 19711 19714 19734 19735 19768 19780 

19797 19803 19808 19843 19848 19877 19878 19885 19891 19894 19904 19905 19916 19931 19933 19946 19947 19952 19954 19977 1997319985 19987 19989 19997 19999